x <- c(-0.92, -0.69, -0.36, 0.40)
n <- c(10, 10, 10, 10)
r <- c(2, 4, 6, 8)
N <- 4
